1000 0.002400
2000 0.007600
3000 0.016000
4000 0.036800
5000 0.041800
6000 0.065400
7000 0.103400
8000 0.118800
9000 0.170400
10000 0.196000
11000 0.244200
12000 0.327800
13000 0.331000
14000 0.428600
15000 0.476600
16000 0.616000
17000 0.588600
18000 0.781200
19000 0.836800
20000 0.937000
21000 1.064000
22000 1.176800
23000 1.240000
24000 1.391800
25000 1.429000
26000 1.626000
27000 1.763200
28000 1.910600
29000 2.189000
30000 2.124600
31000 2.416000
32000 2.579600
33000 2.662000
34000 2.891400
35000 3.172600
36000 3.252200
37000 3.438600
38000 3.824200
39000 3.846400
40000 4.038400
41000 4.318400
42000 4.718400
43000 4.761800
44000 4.904800
45000 5.210200
46000 5.484600
47000 5.747600
48000 6.071000
49000 6.024200
50000 6.716400
