100000 0.012600
200000 0.024600
300000 0.035600
400000 0.047600
500000 0.058000
600000 0.071400
700000 0.081600
800000 0.091200
900000 0.112200
1000000 0.119000
1100000 0.132400
1200000 0.141200
1300000 0.148600
1400000 0.166400
1500000 0.168400
1600000 0.183600
1700000 0.187400
1800000 0.204400
1900000 0.214800
2000000 0.233200
2100000 0.232400
2200000 0.257600
2300000 0.264200
2400000 0.274600
2500000 0.282200
2600000 0.301800
2700000 0.314000
2800000 0.314200
2900000 0.335600
3000000 0.340400
3100000 0.359000
3200000 0.371600
3300000 0.380200
3400000 0.391000
3500000 0.403800
3600000 0.421400
3700000 0.424200
3800000 0.453800
3900000 0.453200
4000000 0.464200
4100000 0.484200
4200000 0.491400
4300000 0.502400
4400000 0.506400
4500000 0.519200
4600000 0.539200
4700000 0.545600
4800000 0.572800
4900000 0.567400
5000000 0.609200
