1000 0.002600
2000 0.004800
3000 0.012600
4000 0.016600
5000 0.037800
6000 0.037800
7000 0.058200
8000 0.065800
9000 0.097400
10000 0.117800
11000 0.147000
12000 0.172800
13000 0.180400
14000 0.228800
15000 0.237400
16000 0.374400
17000 0.320800
18000 0.364200
19000 0.415200
20000 0.482200
21000 0.533000
22000 0.527800
23000 0.630400
24000 0.737000
25000 0.774000
26000 0.761400
27000 0.886800
28000 0.874600
29000 1.062800
30000 1.108400
31000 1.048600
32000 1.161000
33000 1.261800
34000 1.292600
35000 1.432800
36000 1.379800
37000 1.641000
38000 1.630000
39000 1.821400
40000 1.768000
41000 1.871800
42000 2.041800
43000 2.074800
44000 2.207600
45000 2.290000
46000 2.325200
47000 2.539200
48000 2.649800
49000 2.671000
50000 2.951000
