100000 0.010800
200000 0.023600
300000 0.035800
400000 0.046800
500000 0.054400
600000 0.074800
700000 0.090200
800000 0.097200
900000 0.116000
1000000 0.112600
1100000 0.130800
1200000 0.138400
1300000 0.148600
1400000 0.166600
1500000 0.172600
1600000 0.179400
1700000 0.196800
1800000 0.214800
1900000 0.228200
2000000 0.251800
2100000 0.240800
2200000 0.250400
2300000 0.267200
2400000 0.271000
2500000 0.279400
2600000 0.297800
2700000 0.308800
2800000 0.328000
2900000 0.336800
3000000 0.339200
3100000 0.351800
3200000 0.374600
3300000 0.391200
3400000 0.398200
3500000 0.398400
3600000 0.427200
3700000 0.422800
3800000 0.438200
3900000 0.461800
4000000 0.480800
4100000 0.494600
4200000 0.477800
4300000 0.500600
4400000 0.530400
4500000 0.539600
4600000 0.538400
4700000 0.568000
4800000 0.554400
4900000 0.597400
5000000 0.582800
