100000 0.023800
200000 0.048200
300000 0.081800
400000 0.100000
500000 0.141400
600000 0.176200
700000 0.202200
800000 0.234200
900000 0.278600
1000000 0.300600
1100000 0.307200
1200000 0.349200
1300000 0.361800
1400000 0.430200
1500000 0.438800
1600000 0.489400
1700000 0.521800
1800000 0.517800
1900000 0.592000
2000000 0.615400
2100000 0.645800
2200000 0.627800
2300000 0.666200
2400000 0.717400
2500000 0.746200
2600000 0.798400
2700000 0.843400
2800000 0.825200
2900000 0.835600
3000000 0.933600
3100000 1.036800
3200000 1.071200
3300000 1.067800
3400000 1.014600
3500000 1.115400
3600000 1.117800
3700000 1.144000
3800000 1.192400
3900000 1.170400
4000000 1.254600
4100000 1.223400
4200000 1.250200
4300000 1.288400
4400000 1.404400
4500000 1.387000
4600000 1.444600
4700000 1.544800
4800000 1.493400
4900000 1.495000
5000000 1.403400
