100000 0.007400
200000 0.024000
300000 0.039600
400000 0.056400
500000 0.059600
600000 0.073800
700000 0.084800
800000 0.092400
900000 0.094800
1000000 0.118600
1100000 0.127200
1200000 0.137000
1300000 0.155600
1400000 0.156400
1500000 0.174800
1600000 0.192400
1700000 0.199600
1800000 0.202000
1900000 0.209600
2000000 0.237600
2100000 0.239200
2200000 0.263600
2300000 0.279200
2400000 0.271000
2500000 0.291800
2600000 0.309600
2700000 0.312200
2800000 0.326400
2900000 0.331800
3000000 0.345400
3100000 0.368200
3200000 0.371200
3300000 0.376200
3400000 0.405600
3500000 0.407800
3600000 0.422000
3700000 0.443200
3800000 0.439000
3900000 0.460200
4000000 0.471000
4100000 0.504800
4200000 0.492000
4300000 0.507200
4400000 0.530600
4500000 0.531800
4600000 0.563200
4700000 0.558400
4800000 0.567200
4900000 0.599200
5000000 0.621400
