1000 0.002400
2000 0.004800
3000 0.010200
4000 0.017400
5000 0.029400
6000 0.040600
7000 0.053400
8000 0.073800
9000 0.085600
10000 0.104800
11000 0.124400
12000 0.158200
13000 0.177800
14000 0.200800
15000 0.228800
16000 0.264000
17000 0.311400
18000 0.353200
19000 0.374400
20000 0.398200
21000 0.445000
22000 0.494800
23000 0.539800
24000 0.587800
25000 0.636800
26000 0.685000
27000 0.742800
28000 0.795000
29000 0.847600
30000 0.906400
31000 0.968000
32000 1.029200
33000 1.105800
34000 1.169400
35000 1.243000
36000 1.310600
37000 1.379000
38000 1.457800
39000 1.533000
40000 1.612000
41000 1.696400
42000 1.775800
43000 1.866200
44000 1.958600
45000 2.043200
46000 2.135800
47000 2.232400
48000 2.317400
49000 2.418200
50000 2.518000
